                                        tp     tn     fp    fn       re     pod     far     acc  precission  recall      f1   kappa      me     tse     mse
name                                                                                                                                                       
original                              42.7  437.2   36.8  46.3  24.5755  0.4798  0.4613  0.8524      0.5387  0.4798  0.5064  0.0688  0.3521  1.5772  0.0044
original - vtec                       58.2  419.3   54.7  30.8  30.0760  0.6539  0.4836  0.8481      0.5164  0.6539  0.5766  0.0508  0.3324  1.6229  0.0047
original - vtec_dt_lag_3              40.9  442.4   31.6  48.1  23.9811  0.4596  0.4340  0.8584      0.5660  0.4596  0.5057  0.0712  0.3466  1.5836  0.0045
original - gvtec1                     42.4  446.5   27.5  46.6  24.5747  0.4764  0.3911  0.8684      0.6089  0.4764  0.5336  0.0693  0.3644  1.5713  0.0044
original - gvtec1_dt                  42.4  442.2   31.8  46.6  23.0114  0.4764  0.4267  0.8607      0.5733  0.4764  0.5196  0.0692  0.3616  1.5506  0.0043
original - gvtec2                     53.4  401.3   72.7  35.6  31.6812  0.6000  0.5755  0.8076      0.4245  0.6000  0.4964  0.0574  0.3505  1.7428  0.0054
original - gvtec2_dt                  46.9  443.5   30.5  42.1  24.0842  0.5270  0.3903  0.8710      0.6097  0.5270  0.5643  0.0633  0.3579  1.5674  0.0044
original + tempo                      50.5  439.3   34.7  38.5  24.1215  0.5674  0.4042  0.8700      0.5958  0.5674  0.5789  0.0590  0.3532  1.5245  0.0041
original + gvtec1_dt_lag_9            52.0  441.8   32.2  37.0  23.4635  0.5843  0.3829  0.8771      0.6171  0.5843  0.5997  0.0568  0.3469  1.5062  0.0040
original + gvtec2_dt_lag_20           48.9  437.4   36.6  40.1  23.9271  0.5494  0.4267  0.8638      0.5733  0.5494  0.5596  0.0611  0.3608  1.5143  0.0041
original + lag                        53.6  435.1   38.9  35.4  24.1712  0.6022  0.4193  0.8680      0.5807  0.6022  0.5903  0.0552  0.3482  1.5222  0.0041
original + mdv1                       63.4  413.0   61.0  25.6  28.0109  0.7124  0.4860  0.8462      0.5140  0.7124  0.5955  0.0455  0.3360  1.5729  0.0044
original + mdv2                       46.6  441.3   32.7  42.4  25.6799  0.5236  0.4054  0.8666      0.5946  0.5236  0.5533  0.0639  0.3523  1.5588  0.0043
original + tempo + lag                56.4  441.4   32.6  32.6  22.5235  0.6337  0.3636  0.8842      0.6364  0.6337  0.6332  0.0513  0.3592  1.4660  0.0038
original + tempo + mdv2               54.6  438.8   35.2  34.4  25.2299  0.6135  0.3883  0.8764      0.6117  0.6135  0.6112  0.0537  0.3406  1.5263  0.0041
original + tempo + mdv2 + lag         59.9  428.7   45.3  29.1  24.4109  0.6730  0.4297  0.8679      0.5703  0.6730  0.6154  0.0481  0.3379  1.4809  0.0039
original + tempo + lag + mdv1 + mdv2  66.6  415.6   58.4  22.4  28.0411  0.7483  0.4655  0.8565      0.5345  0.7483  0.6226  0.0417  0.3276  1.5320  0.0042
vtec                                  21.7  418.3   55.7  67.3  30.3860  0.2438  0.7203  0.7815      0.2797  0.2438  0.2602  0.0927  0.3924  2.0120  0.0072
vtec + gvtec1_dt_lag_9                53.6  396.9   77.1  35.4  35.0771  0.6022  0.5888  0.8002      0.4112  0.6022  0.4878  0.0575  0.3468  1.8447  0.0060
vtec + gvtec2_dt_lag_20               44.7  421.5   52.5  44.3  26.8132  0.5022  0.5390  0.8281      0.4610  0.5022  0.4802  0.0663  0.3214  1.5977  0.0045
vtec + vtec_dt_lag_3 + vtec_dt2       52.9  411.5   62.5  36.1  32.1051  0.5944  0.5416  0.8249      0.4584  0.5944  0.5174  0.0573  0.3387  1.8319  0.0060
vtec + gvtec1 + gvtec2                24.5  444.4   29.6  64.5  23.7129  0.2753  0.5442  0.8329      0.4558  0.2753  0.3424  0.0927  0.3719  1.7606  0.0055
vtec + tempo                          38.1  402.3   71.7  50.9  32.4597  0.4281  0.6530  0.7822      0.3470  0.4281  0.3829  0.0733  0.3642  1.9665  0.0069
vtec + tempo + mdv1                   58.1  379.6   94.4  30.9  40.5636  0.6528  0.6174  0.7774      0.3826  0.6528  0.4794  0.0551  0.3130  2.2556  0.0091
vtec + tempo + lag                    57.1  407.9   66.1  31.9  28.8995  0.6416  0.5361  0.8259      0.4639  0.6416  0.5381  0.0530  0.3253  1.6393  0.0048
vtec + tempo + lag + mdv1             68.6  378.0   96.0  20.4  36.7027  0.7708  0.5831  0.7933      0.4169  0.7708  0.5410  0.0451  0.3167  2.0473  0.0075
vtec + tempo + lag + mdv2             49.7  396.4   77.6  39.3  30.4535  0.5584  0.6092  0.7924      0.3908  0.5584  0.4571  0.0618  0.2861  1.7128  0.0052
vtec + tempo + lag + mdv1 + mdv2      62.8  371.9  102.1  26.2  38.2635  0.7056  0.6187  0.7721      0.3813  0.7056  0.4949  0.0509  0.3011  2.0080  0.0072