                                        tp     tn    fp    fn       re     pod     far     acc  precission  recall      f1   kappa      me     tse     mse
name                                                                                                                                                      
original                              36.6  456.7  17.3  52.4  23.1547  0.4112  0.3156  0.8762      0.6844  0.4112  0.5110  0.0776  0.3663  1.5738  0.0044
original - vtec                       47.8  434.0  40.0  41.2  29.9943  0.5371  0.4545  0.8558      0.5455  0.5371  0.5406  0.0625  0.3320  1.6326  0.0047
original - vtec_dt                    37.9  456.7  17.3  51.1  23.3773  0.4258  0.3143  0.8785      0.6857  0.4258  0.5250  0.0757  0.3618  1.5958  0.0045
original - gvtec1                     37.4  455.6  18.4  51.6  23.7791  0.4202  0.3288  0.8757      0.6712  0.4202  0.5164  0.0763  0.3738  1.5656  0.0044
original - gvtec1_dt                  30.6  461.1  12.9  58.4  22.4449  0.3438  0.2976  0.8734      0.7024  0.3438  0.4611  0.0862  0.4052  1.6306  0.0047
original - gvtec2                     50.3  410.6  63.4  38.7  32.3196  0.5652  0.5573  0.8187      0.4427  0.5652  0.4956  0.0603  0.3303  1.7394  0.0054
original - gvtec2_dt                  37.1  456.3  17.7  51.9  22.8999  0.4169  0.3225  0.8764      0.6775  0.4169  0.5154  0.0768  0.3749  1.5953  0.0045
original + tempo                      37.1  455.3  18.7  51.9  23.5020  0.4169  0.3345  0.8746      0.6655  0.4169  0.5112  0.0768  0.3683  1.5761  0.0044
original + gvtec1_dt_lag_9            44.1  453.9  20.1  44.9  23.3091  0.4955  0.3122  0.8845      0.6878  0.4955  0.5753  0.0671  0.3647  1.5109  0.0041
original + gvtec2_dt_lag_20           42.3  449.6  24.4  46.7  23.1767  0.4753  0.3650  0.8737      0.6350  0.4753  0.5430  0.0695  0.3562  1.5393  0.0042
original + lag                        47.3  444.5  29.5  41.7  23.3838  0.5315  0.3835  0.8735      0.6165  0.5315  0.5702  0.0629  0.3423  1.4825  0.0039
original + mdv1                       55.5  439.4  34.6  33.5  26.7175  0.6236  0.3821  0.8790      0.6179  0.6236  0.6198  0.0525  0.3383  1.5392  0.0042
original + mdv2                       43.3  455.0  19.0  45.7  23.9138  0.4865  0.3044  0.8851      0.6956  0.4865  0.5721  0.0682  0.3566  1.5375  0.0042
original + tempo + lag                48.2  445.9  28.1  40.8  23.4176  0.5416  0.3671  0.8776      0.6329  0.5416  0.5828  0.0617  0.3496  1.4868  0.0039
original + tempo + mdv2               46.1  453.0  21.0  42.9  24.5613  0.5180  0.3128  0.8865      0.6872  0.5180  0.5898  0.0644  0.3508  1.5516  0.0043
original + tempo + mdv2 + lag         52.7  445.7  28.3  36.3  24.4369  0.5921  0.3481  0.8853      0.6519  0.5921  0.6198  0.0558  0.3332  1.4589  0.0038
original + tempo + lag + mdv1 + mdv2  61.2  432.2  41.8  27.8  27.7297  0.6876  0.4048  0.8764      0.5952  0.6876  0.6378  0.0460  0.3243  1.4698  0.0038
vtec                                  11.3  461.1  12.9  77.7  28.2863  0.1270  0.5287  0.8391      0.4713  0.1270  0.1977  0.1135  0.3796  1.7869  0.0057
vtec + gvtec1_dt_lag_9                45.1  416.6  57.4  43.9  32.7163  0.5067  0.5599  0.8201      0.4401  0.5067  0.4705  0.0659  0.3453  1.7599  0.0055
vtec + gvtec2_dt_lag_20               45.4  431.2  42.8  43.6  24.7905  0.5101  0.4852  0.8465      0.5148  0.5101  0.5122  0.0655  0.3327  1.4651  0.0038
vtec + vtec_dt + vtec_dt2             47.6  424.6  49.4  41.4  29.9521  0.5348  0.5095  0.8387      0.4905  0.5348  0.5111  0.0629  0.3192  1.6655  0.0049
vtec + gvtec1 + gvtec2                20.1  456.8  17.2  68.9  23.9736  0.2258  0.4599  0.8471      0.5401  0.2258  0.3180  0.1004  0.4162  1.7932  0.0057
vtec + tempo                          46.2  419.2  54.8  42.8  29.6450  0.5191  0.5423  0.8266      0.4577  0.5191  0.4862  0.0646  0.3354  1.6856  0.0050
vtec + tempo + mdv1                   56.5  387.1  86.9  32.5  36.0752  0.6348  0.6056  0.7879      0.3944  0.6348  0.4863  0.0552  0.2831  1.8460  0.0061
vtec + tempo + lag                    56.4  410.3  63.7  32.6  27.2415  0.6337  0.5301  0.8290      0.4699  0.6337  0.5394  0.0535  0.3048  1.5415  0.0042
vtec + tempo + lag + mdv1             66.2  394.2  79.8  22.8  31.1750  0.7438  0.5463  0.8178      0.4537  0.7438  0.5635  0.0450  0.2800  1.6063  0.0046
vtec + tempo + lag + mdv2             54.6  415.6  58.4  34.4  29.2130  0.6135  0.5154  0.8352      0.4846  0.6135  0.5408  0.0552  0.2989  1.5874  0.0045
vtec + tempo + lag + mdv1 + mdv2      65.5  390.6  83.4  23.5  32.4597  0.7360  0.5601  0.8101      0.4399  0.7360  0.5505  0.0462  0.2898  1.6135  0.0046                                        tp     tn    fp    fn       re     pod     far     acc  precission  recall      f1   kappa      me     tse     mse
name                                                                                                                                                      
original                              35.2  456.1  17.9  53.8  23.1057  0.3955  0.3365  0.8726      0.6635  0.3955  0.4951  0.0794  0.3665  1.5803  0.0044
original - vtec                       48.2  434.7  39.3  40.8  29.8792  0.5416  0.4472  0.8577      0.5528  0.5416  0.5462  0.0619  0.3288  1.6247  0.0047
original - vtec_dt                    38.7  453.5  20.5  50.3  23.6195  0.4348  0.3444  0.8742      0.6556  0.4348  0.5206  0.0746  0.3567  1.5882  0.0045
original - gvtec1                     39.7  452.0  22.0  49.3  23.8646  0.4461  0.3521  0.8734      0.6479  0.4461  0.5269  0.0731  0.3729  1.5600  0.0043
original - gvtec1_dt                  30.5  460.8  13.2  58.5  22.2700  0.3427  0.3003  0.8726      0.6997  0.3427  0.4596  0.0863  0.4012  1.6229  0.0047
original - gvtec2                     47.3  409.2  64.8  41.7  32.1816  0.5315  0.5784  0.8108      0.4216  0.5315  0.4697  0.0635  0.3326  1.7308  0.0053
original - gvtec2_dt                  36.0  458.1  15.9  53.0  22.7405  0.4045  0.3071  0.8776      0.6929  0.4045  0.5105  0.0784  0.3714  1.5920  0.0045
original + tempo                      38.0  454.5  19.5  51.0  23.7525  0.4270  0.3391  0.8748      0.6609  0.4270  0.5181  0.0755  0.3631  1.5777  0.0044
original + gvtec1_dt_lag_9            44.5  452.6  21.4  44.5  23.3410  0.5000  0.3237  0.8829      0.6763  0.5000  0.5744  0.0665  0.3647  1.5146  0.0041
original + gvtec2_dt_lag_20           40.9  449.5  24.5  48.1  23.3402  0.4596  0.3739  0.8710      0.6261  0.4596  0.5294  0.0714  0.3580  1.5523  0.0043
original + lag                        46.3  444.6  29.4  42.7  23.5874  0.5202  0.3883  0.8719      0.6117  0.5202  0.5611  0.0642  0.3455  1.4936  0.0040
original + mdv1                       55.6  439.8  34.2  33.4  26.4616  0.6247  0.3789  0.8799      0.6211  0.6247  0.6218  0.0524  0.3412  1.5392  0.0042
original + mdv2                       44.8  453.3  20.7  44.2  23.7895  0.5034  0.3135  0.8847      0.6865  0.5034  0.5793  0.0662  0.3503  1.5284  0.0042
original + tempo + lag                48.6  445.9  28.1  40.4  23.3001  0.5461  0.3640  0.8783      0.6360  0.5461  0.5862  0.0612  0.3517  1.4894  0.0039
original + tempo + mdv2               46.4  453.2  20.8  42.6  24.5782  0.5213  0.3094  0.8874      0.6906  0.5213  0.5938  0.0640  0.3508  1.5465  0.0042
original + tempo + mdv2 + lag         52.6  445.3  28.7  36.4  24.5892  0.5910  0.3520  0.8844      0.6480  0.5910  0.6177  0.0559  0.3367  1.4640  0.0038
original + tempo + lag + mdv1 + mdv2  61.8  430.7  43.3  27.2  27.6226  0.6944  0.4117  0.8748      0.5883  0.6944  0.6367  0.0454  0.3332  1.4826  0.0039
vtec                                  11.6  460.0  14.0  77.4  28.2629  0.1303  0.5445  0.8377      0.4555  0.1303  0.2014  0.1129  0.3798  1.7829  0.0056
vtec + gvtec1_dt_lag_9                45.6  418.1  55.9  43.4  32.7217  0.5124  0.5506  0.8236      0.4494  0.5124  0.4782  0.0654  0.3442  1.7614  0.0055
vtec + gvtec2_dt_lag_20               45.0  431.4  42.6  44.0  24.9144  0.5056  0.4864  0.8462      0.5136  0.5056  0.5093  0.0660  0.3304  1.4713  0.0038
vtec + vtec_dt + vtec_dt2             49.4  423.7  50.3  39.6  30.0429  0.5551  0.5040  0.8403      0.4960  0.5551  0.5236  0.0608  0.3173  1.6589  0.0049
vtec + gvtec1 + gvtec2                19.8  457.6  16.4  69.2  23.8729  0.2225  0.4533  0.8480      0.5467  0.2225  0.3161  0.1009  0.4135  1.7926  0.0057
vtec + tempo                          45.8  420.3  53.7  43.2  29.5712  0.5146  0.5398  0.8279      0.4602  0.5146  0.4855  0.0651  0.3377  1.6812  0.0050
vtec + tempo + mdv1                   56.0  389.3  84.7  33.0  35.5265  0.6292  0.6018  0.7909      0.3982  0.6292  0.4876  0.0555  0.2787  1.8142  0.0059
vtec + tempo + lag                    57.5  411.8  62.2  31.5  27.1480  0.6461  0.5195  0.8336      0.4805  0.6461  0.5510  0.0522  0.3061  1.5352  0.0042
vtec + tempo + lag + mdv1             67.1  394.7  79.3  21.9  31.2464  0.7539  0.5411  0.8202      0.4589  0.7539  0.5702  0.0441  0.2783  1.6101  0.0046
vtec + tempo + lag + mdv2             55.9  420.2  53.8  33.1  28.6733  0.6281  0.4896  0.8456      0.5104  0.6281  0.5627  0.0534  0.2985  1.5637  0.0043
vtec + tempo + lag + mdv1 + mdv2      64.7  388.5  85.5  24.3  32.5837  0.7270  0.5690  0.8050      0.4310  0.7270  0.5410  0.0473  0.2873  1.6187  0.0047