                                        tp     tn    fp    fn       re     pod     far     acc  precission  recall      f1   kappa      me     tse     mse
name                                                                                                                                                      
original                              42.9  446.0  28.0  46.1  23.6497  0.4820  0.3913  0.8684      0.6087  0.4820  0.5359  0.0687  0.3484  1.5540  0.0043
original - vtec                       55.3  413.7  60.3  33.7  30.8310  0.6213  0.5206  0.8330      0.4794  0.6213  0.5406  0.0545  0.3303  1.6644  0.0049
original - vtec_dt                    42.1  442.9  31.1  46.9  24.0211  0.4730  0.4222  0.8615      0.5778  0.4730  0.5186  0.0697  0.3482  1.6030  0.0046
original - gvtec1                     41.4  446.6  27.4  47.6  24.1176  0.4652  0.3954  0.8668      0.6046  0.4652  0.5247  0.0707  0.3423  1.5779  0.0044
original - gvtec1_dt                  37.4  447.8  26.2  51.6  22.6041  0.4202  0.4087  0.8618      0.5913  0.4202  0.4893  0.0761  0.3662  1.5681  0.0044
original - gvtec2                     52.7  406.5  67.5  36.3  31.1345  0.5921  0.5610  0.8156      0.4390  0.5921  0.5038  0.0578  0.3454  1.7084  0.0052
original - gvtec2_dt                  42.4  440.3  33.7  46.6  24.4874  0.4764  0.4412  0.8574      0.5588  0.4764  0.5136  0.0693  0.3689  1.6028  0.0046
original + tempo                      50.6  440.0  34.0  38.4  23.8960  0.5685  0.4002  0.8714      0.5998  0.5685  0.5823  0.0588  0.3492  1.5159  0.0041
original + gvtec1_dt_lag_9            51.4  442.2  31.8  37.6  23.7049  0.5775  0.3793  0.8767      0.6207  0.5775  0.5973  0.0576  0.3474  1.5159  0.0041
original + gvtec2_dt_lag_20           46.8  437.5  36.5  42.2  24.3263  0.5258  0.4325  0.8602      0.5675  0.5258  0.5413  0.0639  0.3506  1.5350  0.0042
original + lag                        55.9  432.9  41.1  33.1  24.8435  0.6281  0.4229  0.8682      0.5771  0.6281  0.6010  0.0525  0.3441  1.5233  0.0041
original + mdv1                       63.1  407.6  66.4  25.9  28.7349  0.7090  0.5085  0.8361      0.4915  0.7090  0.5787  0.0467  0.3304  1.5880  0.0045
original + mdv2                       42.8  438.2  35.8  46.2  26.2286  0.4809  0.4499  0.8544      0.5501  0.4809  0.5108  0.0687  0.3609  1.5880  0.0045
original + tempo + lag                54.6  441.2  32.8  34.4  23.0457  0.6135  0.3752  0.8806      0.6248  0.6135  0.6184  0.0536  0.3579  1.4863  0.0039
original + tempo + mdv2               53.1  437.6  36.4  35.9  25.3153  0.5966  0.4050  0.8716      0.5950  0.5966  0.5928  0.0559  0.3397  1.5343  0.0042
original + tempo + mdv2 + lag         57.4  431.9  42.1  31.6  25.0170  0.6449  0.4227  0.8691      0.5773  0.6449  0.6089  0.0506  0.3302  1.4917  0.0040
original + tempo + lag + mdv1 + mdv2  63.5  413.1  60.9  25.5  28.0505  0.7135  0.4877  0.8465      0.5123  0.7135  0.5955  0.0454  0.3381  1.5474  0.0043
vtec                                  21.7  420.3  53.7  67.3  30.0965  0.2438  0.7123  0.7851      0.2877  0.2438  0.2638  0.0929  0.3935  1.9946  0.0071
vtec + gvtec1_dt_lag_9                54.4  399.3  74.7  34.6  35.1373  0.6112  0.5788  0.8059      0.4212  0.6112  0.4985  0.0564  0.3455  1.8602  0.0061
vtec + gvtec2_dt_lag_20               43.8  423.1  50.9  45.2  26.9247  0.4921  0.5372  0.8293      0.4628  0.4921  0.4766  0.0674  0.3210  1.6004  0.0046
vtec + vtec_dt + vtec_dt2             55.2  414.0  60.0  33.8  31.4790  0.6202  0.5202  0.8334      0.4798  0.6202  0.5405  0.0546  0.3323  1.7787  0.0056
vtec + gvtec1 + gvtec2                26.2  443.4  30.6  62.8  24.1106  0.2944  0.5364  0.8341      0.4636  0.2944  0.3592  0.0904  0.3657  1.7644  0.0055
vtec + tempo                          37.1  404.3  69.7  51.9  32.0585  0.4169  0.6532  0.7840      0.3468  0.4169  0.3781  0.0744  0.3546  1.9658  0.0069
vtec + tempo + mdv1                   54.1  385.4  88.6  34.9  40.2029  0.6079  0.6193  0.7806      0.3807  0.6079  0.4668  0.0578  0.3072  2.2824  0.0093
vtec + tempo + lag                    58.4  404.0  70.0  30.6  29.2333  0.6562  0.5449  0.8213      0.4551  0.6562  0.5373  0.0519  0.3051  1.6319  0.0047
vtec + tempo + lag + mdv1             66.5  378.5  95.5  22.5  35.9207  0.7472  0.5896  0.7904      0.4104  0.7472  0.5296  0.0470  0.3154  2.0173  0.0072
vtec + tempo + lag + mdv2             41.1  406.3  67.7  47.9  29.8993  0.4618  0.6158  0.7947      0.3842  0.4618  0.4151  0.0704  0.3057  1.7180  0.0052
vtec + tempo + lag + mdv1 + mdv2      62.5  374.3  99.7  26.5  37.8555  0.7022  0.6137  0.7758      0.3863  0.7022  0.4980  0.0510  0.3020  1.9814  0.0070